# vary alpha simulation

bias_alpha <- c(0.007957538, -0.005583985,  0.007532525, -0.008682481, -0.015662831, -0.003085368,  0.013284399,  0.025007137, -0.007862126,  0.011263665,  0.004494255,  0.036673286,  0.017566615, -0.010869161,  0.009421514, -0.019434676, -0.023059525,  0.031313059, -0.018048411,  0.028975642,  0.013604623, -0.035889927,  0.008996092,  0.028058401,  0.054399456, -0.022659702,  0.078357108, -0.006946367, -0.020267968, -0.014496564, 0.03967687,  0.01561682,  0.14763111,  0.01353835, -0.05137300,  0.08212231,  0.03317562, -0.03488831, -0.05143302, -0.11379923,  0.05850329, -0.04678586, -0.11868274, -0.08972067, 0.02477672, -0.04639411, -0.08462772, -0.04839047, -0.17016334, -0.09461972,  0.04239629, -0.08943360, -0.06237852, -0.14855978, -0.12840248, -0.14833690, -0.03032372, -0.17157126, -0.28318773,  0.06436900, -0.14986085, -0.21624438, -0.43930028, -0.22930265, -0.19204963, -0.32110967, -0.24733432, -0.31369583, -0.19823866, -0.03520840, -0.18159605, -0.13400257, -0.04162985, -0.34079406, -0.19936958, -0.34517749, -0.46073699, -0.32146553, -0.58418453, -0.19772765, -0.44932013, -0.24662583, -0.31637634, -0.20412823, -0.26159934, -0.16381212, -0.5095398, -0.3197937, -0.1103778, -0.3013282, -0.2734388, -0.4629057, -0.5771492, -0.5615093, -0.5496394, -0.5644275, -0.3741430, -0.3499268, -0.4178469, -0.6964544)
bias_beta <- c(0.0178244229,  0.0001456893, -0.0090746941, -0.0059771355, -0.0282658076,  0.0022797356,  0.0221604499,  0.0349126973, -0.0060965456,  0.0304016982,  0.0143887876,  0.0487118405,  0.0804901613,  0.0136162012,  0.0551321165,  0.0305442231, -0.0150165083,  0.1066810973,  0.0221960248,  0.0797117183,  0.1134221290,  0.0129799705,  0.0765827226,  0.1003623773,  0.1431707216,  0.0604084170,  0.2398917926,  0.1325425604,  0.0786515545,  0.1038225494, 0.2160643, 0.1976040, 0.3856084, 0.1668369, 0.1258625, 0.2701690, 0.2566640, 0.1628776, 0.2369973, 0.1047287, 0.3521505, 0.2751547, 0.1451189, 0.1488610, 0.3039654, 0.2517091, 0.2103424, 0.2313022, 0.1554799, 0.2444050, 0.3635481, 0.2873391, 0.3130298, 0.2511698, 0.2191066, 0.2506122, 0.4331775, 0.2797959, 0.1095993, 0.5532024, 0.25937434, 0.20166043, 0.05434528, 0.34019478, 0.28418007, 0.23398310, 0.32149484, 0.27044306, 0.39988187, 0.51793428, 0.48367750, 0.47455179, 0.52505393, 0.31874363, 0.52882854, 0.38750393, 0.27635832, 0.37137195, 0.22196235, 0.50530594, 0.29824197, 0.55626841, 0.37609450, 0.54532966, 0.63314322, 0.59760092, 0.1417240, 0.5856447, 0.7937473, 0.5945469, 0.5032151, 0.3573903, 0.2860458, 0.2321289, 0.2995066, 0.4125091, 0.4829382, 0.4102049, 0.4990398, 0.249285)
bias_T <- c(-2.444197e-02, -1.032084e-02, -2.479168e-02,  2.993587e-02,  2.104152e-02, -2.080620e-02, -4.798503e-03, -1.135998e-02,  5.470672e-03,  4.927570e-03, 6.547620e-04, -1.267099e-02, -2.031360e-02,  7.853736e-03,  1.555200e-03, 4.357104e-03,  6.057642e-03, -7.073950e-03,  1.056187e-02,  1.379811e-02, -4.738599e-03, -3.778125e-03, -1.564745e-02, -3.460996e-05,  3.512867e-03, -9.375432e-03,  7.199878e-03,  1.445501e-02,  8.589620e-03, -2.112650e-03, -0.0017562629, -0.0037925449, -0.0027839516,  0.0006175403, -0.0034802491, -0.0018762989, 0.0007024426,  0.0001216937,  0.0003083479, -0.0020267996,  0.0055373525,  0.0138527200, 0.0051950675, -0.0049091006, -0.0053172798, -0.0027916766,  0.0010840161,  0.0062013308, 0.0003774036,  0.0054482702, -0.0022167903, -0.0022167913,  0.0001129200, -0.0013409527, 0.0059450496,  0.0099819775, -0.0070552643, -0.0011268643, -0.0059050316, -0.0055902608, 1.807709e-03,  1.773328e-03,  7.485803e-03, -7.559231e-04,  2.007050e-03, -4.446493e-03,  1.787623e-03,  9.664764e-03,  2.185718e-03, -5.503255e-03, 4.955791e-05,  2.897188e-03, -2.488438e-03,  4.362515e-03,  2.386328e-03, -4.264325e-03,  3.184568e-03,  7.901291e-03, -1.357785e-04, -1.269113e-03, 7.383903e-03,  1.509748e-03,  1.401722e-03, -1.384776e-03,  8.334850e-03, 6.338183e-03, 0.0075543467,  0.0007713947, -0.0032926349, 0.0007891984, 0.0034007008, -0.0011009118,  0.0036553773,  0.0003632884, 0.0058214405, -0.0009221705,  0.0001085508, -0.001214796,  0.002322923, 0.0003933934)

coverage_alpha <- c(0.95, 0.98, 0.92, 0.91, 0.93, 0.92, 0.91, 0.93, 0.94, 0.95, 0.96, 0.97, 0.93, 0.99, 0.98, 0.97, 0.98, 0.94, 0.92, 0.97, 0.97, 0.97, 0.96, 0.93, 0.92, 0.96, 0.95, 0.94, 0.98, 0.94, 0.91, 0.94, 0.90, 0.96, 0.97, 1.00, 0.97, 0.96, 0.95, 0.93, 0.97, 0.94, 0.93, 0.94, 0.96, 0.94, 0.98, 0.98, 0.95, 0.96, 0.99, 0.96, 0.96, 0.98, 0.97, 0.97, 0.97, 0.98, 0.96, 0.99, 0.98, 0.98, 0.94, 0.97, 1.00, 0.98, 0.97, 0.96, 0.98, 0.97, 1.00, 0.97, 1.00, 1.00, 0.98, 0.98, 0.99, 0.98, 0.97, 0.98, 0.99, 1.00, 1.00, 0.98, 1.00, 1.00, 1.00, 1.00, 1.00, 1.00, 1.00, 1.00, 1.00, 1.00, 1.00, 0.99, 1.00, 1.00, 1.00, 1.00)
coverage_beta <- c(0.93, 0.98, 0.94, 0.90, 0.93, 0.94, 0.95, 0.90, 0.92, 0.95, 0.97, 0.97, 0.92, 0.95, 0.96, 0.92, 0.96, 0.91, 0.92, 0.94, 0.94, 0.93, 0.96, 0.94, 0.95, 0.98, 0.95, 0.88, 0.91, 0.93, 0.93, 0.93, 0.93, 0.91, 0.93, 0.97, 0.92, 0.86, 0.87, 0.86, 0.93, 0.89, 0.86, 0.90, 0.94, 0.90, 0.91, 0.92, 0.85, 0.89, 0.92, 0.91, 0.93, 0.86, 0.92, 0.85, 0.92, 0.89, 0.89, 0.92, 0.89, 0.86, 0.80, 0.83, 0.86, 0.86, 0.86, 0.84, 0.85, 0.91, 0.87, 0.90, 0.91, 0.84, 0.85, 0.81, 0.83, 0.90, 0.82, 0.89, 0.84, 0.83, 0.87, 0.85, 0.85, 0.85, 0.86, 0.78, 0.89, 0.86, 0.92, 0.82, 0.82, 0.87, 0.90, 0.84, 0.88, 0.89, 0.86, 0.80)
coverage_T <- c(0.91, 0.97, 0.95, 0.97, 0.91, 0.95, 0.95, 0.96, 0.95, 0.98, 0.91, 0.95, 0.93, 0.90, 0.98, 0.96, 0.96, 0.96, 0.96, 0.94, 0.97, 0.97, 0.96, 0.95, 0.98, 0.90, 0.96, 0.95, 0.93, 0.94, 0.95, 0.98, 0.93, 0.97, 0.96, 0.94, 0.98, 0.95, 0.96, 0.97, 0.93, 0.94, 0.97, 0.97, 0.95, 0.97, 0.95, 0.97, 0.94, 0.93, 0.96, 0.98, 0.95, 0.94, 0.94, 0.91, 0.97, 0.97, 0.94, 0.96, 0.98, 0.96, 0.93, 0.97, 0.97, 0.96, 0.96, 0.93, 0.94, 0.95, 0.95, 0.95, 0.97, 0.96, 0.96, 0.94, 0.95, 0.94, 0.99, 0.99, 0.93, 0.95, 0.96, 0.96, 0.97, 0.94, 0.96, 0.95, 0.93, 0.97, 0.98, 0.96, 0.97, 0.95, 0.94, 0.97, 0.96, 0.96, 0.97, 0.90)


plot(seq(0.1,10,by=0.1),bias_alpha,ylim=c(-1,1),type="l",col="red",xlab=expression(alpha),ylab="Bias",main=expression(paste("Varying ", alpha, " simulation")))
lines(seq(0.1,10,by=0.1),bias_beta,type="l",col="blue")
lines(seq(0.1,10,by=0.1),bias_T,type="l",col="green")

plot(seq(0.1,10,by=0.1),seq(0.95,0.95,length.out=length(seq(0.1,10,by=0.1))),type="l",lty=2,ylim=c(0.75,1),xlab=expression(alpha),ylab="Appropriate Coverage",main=expression(paste("Appropriate coverage for ", alpha, " simulation")))
lines(seq(0.1,10,by=0.1),coverage_alpha,col="red")
lines(seq(0.1,10,by=0.1),coverage_beta,col="blue")
lines(seq(0.1,10,by=0.1),coverage_T,col="green")


# vary beta simulation

bias_alpha <- c(0.119971162,  0.007270346,  0.094648391,  0.147411877, 0.074708441, -0.035190643, 0.076071384, 0.031460233, -0.002477375,  0.091262347,  0.028949135,  0.017292261,  0.063818925, 0.023323336, -0.030696004,  0.033627043, -0.030494858, -0.012624621,  0.005565222, 0.001723509, 0.0633067491, -0.0093274671,  0.0150695780,  0.0312428803, 0.0266698210, -0.0133608956,  0.0001625091,  0.0318768337, 0.0408767981,  0.0258256367,  0.0070594098,  0.0303872413, 0.0010985020,  0.0154350324, -0.0050538960,  0.0092624705, -0.0031987197, -0.0169328947,  0.0112822954, -0.0201418875, -0.0172361329,  0.0141741021, -0.0098699831,  0.0036140159, -0.0091219894,  0.0007726805, -0.0260943560, -0.0029067225, 0.0071775752, -0.0027182154, -0.001569589, -0.014967881, -0.001041540,  0.004016508,  0.015604677, 0.010888591, 0.004473743, -0.016654999, -0.001662538,  0.006686164,  0.022401701, -0.005389200, -0.007845779,  0.011537737, -0.014907400,  0.005578459,  0.013937712, 0.004540241,  0.007000140,  0.008948062, 0.01370532, -0.01720229, 0.0071568402, -0.0070280889,  0.0107485736,  0.0117609116,  0.0169410765,  0.0058741642, -0.0158061212, -0.0092557646,  0.0154499104,  0.0038549367,  0.0005748876, -0.0034164538, -0.0032006465, -0.0241780175, -0.0031869506, -0.0127435, -0.013779633,  0.009709579)
bias_beta <- c(0.05886932, 0.02133136, 0.05497069, 0.07776355, 0.06246592, 0.02021229, 0.07000019, 0.032493423,  0.033391483,  0.089569711,  0.053961228,  0.034871115,  0.092517599, 0.068635995,  0.009952715,  0.093583040, -0.004643190,  0.011842181,  0.065707539, 0.026452599, 0.14151408,  0.01002747,  0.07303883,  0.11244053,  0.11944735, 0.05880821,  0.03871944,  0.10195239,  0.14858349,  0.10769371, 0.12117870,  0.20308769,  0.08378775,  0.09109202, -0.01127136, 0.12916776,  0.04448850,  0.00960101,  0.14028027, -0.03183155, -0.03711909,  0.14999282,  0.09782393,  0.01457104,  0.01948504, 0.02999421, -0.02161775,  0.03674915,  0.13955742,  0.15622383, 0.01839390, -0.03137448,  0.16344435,  0.14945216,  0.26516276,  0.24873059, 0.19581927, 0.03762374, 0.19980397, 0.11507270, 0.30059769, 0.048028373,  0.034771929,  0.310820812, -0.004817883,  0.366580283,  0.290160227, 0.177087876,  0.388641450,  0.315049920, 0.34252887, 0.03407072, 0.345078134,  0.156002466,  0.325813018,  0.360102162,  0.527166566,  0.276392366, -0.019975004,  0.103049346,  0.458171034,  0.279569262,  0.202316825,  0.134703382, -0.007529201,  0.031500147,  0.239167358, 0.1599357, 0.2507001, 0.3502468)
bias_T <- c(-0.0081095552,  0.0013686416, -0.0008288593, -0.0076030838, -0.0040660578, -0.0001488397, -0.0034066889, -0.0082469066, -0.0046838024,  0.0071200291, -0.0049040764,  0.0073437855,  0.0052285216, -0.0006048849,  0.0062490355, -0.0072874950, -0.0065771963, -0.0144726656,  0.0051611379, -0.0145807738, -0.0053539185,  0.0014794395, -0.0082945998,  0.0099292619, -0.0011383820,  0.0085574126,  0.0251752580, -0.0008878489, -0.0078299541, -0.0038718940, -0.0116027771, -0.0127347145, 0.0062779102,  0.0121049543,  0.0032351924, -0.0071200791, -0.0067821723,  0.0235098570, -0.0054001965,  0.0110006759, -0.0002773441, -0.0220504718,  0.0052146272, -0.0209716951, 0.0160552670, -0.0012987308,  0.0027519841,  0.0253586015, -0.0005750825,  0.0154572293, 0.027273542, -0.001824877, -0.004515938, -0.010220245,  0.002584382, 0.007423564, -0.015442749, -0.015424983,  0.004978685, -0.001611866, -0.026704414, 9.867708e-03, -1.906641e-02,  2.987389e-03,  1.636001e-02,  5.202000e-03, -7.251247e-05, 1.444901e-02, -1.091292e-02, -5.057445e-03, -0.005459292,  0.017954908, -0.004341204,  0.020194586, -0.007115822, -0.006742660, -0.013787559,  0.007782000, 0.002542694,  0.023450609,  0.002896139,  0.004703080, -0.011543548, -0.002125362, -0.013257549, -0.014419001, -0.001042033, 0.0111137, 0.027194799, 0.006435814)

coverage_alpha <- c(0.94, 0.99, 0.95, 0.98, 0.93, 0.94, 0.94, 0.96, 0.93, 0.97, 0.93, 0.94, 0.96, 0.98, 0.94, 0.92, 0.95, 0.95, 0.97, 0.93, 0.95, 0.96, 0.98, 0.99, 0.95, 0.94, 0.95, 0.94, 0.94, 0.96, 0.97, 0.93, 0.97, 0.96, 0.99, 0.97, 0.95, 0.89, 0.91, 0.95, 0.95, 0.95, 0.95, 0.98, 0.97, 0.94, 0.98, 0.95, 0.94, 0.92, 0.94, 0.92, 0.95, 0.95, 0.95, 0.91, 0.98, 0.97, 0.93, 0.98, 0.96, 0.94, 0.99, 0.95, 0.98, 0.93, 0.95, 0.96, 0.94, 0.95, 1.00, 0.95, 0.94, 0.97, 0.97, 0.96, 0.95, 0.99, 0.98, 0.97, 0.97, 0.93, 0.98, 0.91, 0.97, 0.94, 0.92, 0.94, 0.95, 0.97)
coverage_beta <- c(0.92, 0.97, 0.95, 0.97, 0.91, 0.96, 0.95, 0.97, 0.90, 0.97, 0.93, 0.93, 0.98, 0.94, 0.89, 0.92, 0.93, 0.95, 0.96, 0.94, 0.95, 0.95, 0.98, 0.99, 0.94, 0.94, 0.92, 0.96, 0.97, 0.97, 0.98, 0.96, 0.94, 0.97, 0.95, 0.95, 0.92, 0.88, 0.91, 0.91, 0.90, 0.94, 0.95, 0.96, 0.96, 0.92, 0.91, 0.94, 0.93, 0.90, 0.91, 0.93, 0.96, 0.96, 0.95, 0.93, 0.97, 0.92, 0.90, 0.95, 0.95, 0.96, 0.97, 0.95, 0.89, 0.93, 0.94, 0.94, 0.90, 0.94, 0.93, 0.94, 0.95, 0.96, 0.97, 0.97, 0.96, 0.95, 0.95, 0.95, 0.96, 0.91, 0.97, 0.92, 0.95, 0.92, 0.91, 0.93, 0.95, 0.98)
coverage_T <- c(0.95, 0.91, 0.99, 0.93, 0.95, 0.97, 0.94, 0.90, 0.96, 0.93, 0.92, 0.94, 0.95, 0.97, 0.95, 0.98, 0.95, 0.96, 0.93, 0.92, 0.93, 0.88, 0.97, 0.94, 0.96, 0.94, 0.96, 0.96, 0.92, 0.90, 0.95, 0.94, 0.95, 0.94, 0.96, 0.95, 0.93, 0.99, 0.96, 0.96, 0.94, 0.93, 0.95, 1.00, 0.94, 0.94, 0.98, 0.92, 0.97, 0.91, 0.95, 0.94, 0.94, 0.96, 0.99, 0.95, 0.93, 0.99, 0.96, 0.94, 0.92, 0.93, 0.92, 0.95, 0.96, 0.97, 0.96, 1.00, 0.95, 0.95, 0.93, 0.98, 0.97, 0.93, 0.96, 0.97, 0.95, 0.97, 0.95, 0.93, 0.95, 0.98, 0.94, 0.93, 0.96, 0.97, 0.93, 0.94, 0.96, 0.96)


plot(seq(1.1,10,by=0.1),bias_alpha,ylim=c(-0.1,0.6),type="l",col="red",xlab=expression(beta),ylab="Bias",main=expression(paste("Bias for varying ", beta, " simulation")))
lines(seq(1.1,10,by=0.1),bias_beta,col="blue")
lines(seq(1.1,10,by=0.1),bias_T,col="green")

plot(seq(1.1,10,by=0.1),seq(0.95,0.95,length.out=length(seq(1.1,10,by=0.1))),type="l",lty=2,ylim=c(0.75,1),xlab=expression(beta),ylab="Appropriate Coverage",main=expression(paste("Appropriate coverage for ", beta, " simulation")))
lines(coverage_alpha,col="red")
lines(coverage_beta,col="blue")
lines(coverage_T,col="green")



# vary T simulation

bias_alpha <- c(0.0092285048,  0.0005580876, -0.0135659535, -0.0096742193, -0.0105829998, -0.0198499404, -0.0127361141, -0.0149828949, -0.0086219227, -0.0126463915, -0.0089079483, -0.0065579241, -0.0065106063, -0.0435301380, -0.0097153945, -0.0214979542, -0.0406605570, -0.0083741705, -0.0204318067, -0.0207547544,  0.0217751462,  0.0104119366, -0.0132009123,  0.0334101657,  0.0224241735,  0.0011861306, -0.0196647161,  0.0084540375, -0.0190363901,  0.0389020810, -0.0328862099,  0.0108673979,  0.0202084318,  0.0002808415,  0.0237110450, -0.0319711267, -0.0581669677,  0.0397967208,  0.0094428445, -0.0215273776, -0.027052008,  0.044841256, -0.002188621,  0.007863071,  0.054722345, -0.003716923, 0.017260094,  0.007818140,  0.029301199,  0.052273418, -0.019930405,  0.025697878, 0.033757463, -0.010263714, -0.013967081, -0.024773699,  0.047704974,  0.017458618, 0.020745308,  0.027657776,  0.008141063,  0.043886294, -0.006172129,  0.007013398, 0.027254568,  0.047833910,  0.016570845,  0.060739458,  0.046846831,  0.021263870, 0.032475363, -0.016568524,  0.033810015,  0.016433121,  0.015098507,  0.086499891, 0.052940469, -0.008396280,  0.002979909,  0.001411031,  0.007341620,  0.017928460, 0.077004083,  0.016049227,  0.093685956,  0.078826512,  0.038557034,  0.035690388, -0.042041635,  0.041803315, -0.035884118,  0.122498666,  0.123489965,  0.064419700, 0.003801101,  0.065053027,  0.020363642,  0.044482319, 0.006868870, -0.042613027,  0.007226043,  0.014814087, 0.021585059,  0.009435918,  0.038598524,  0.155320578, -0.069908367,  0.046157396,  0.047341947, -0.102007853, 0.040324025,  0.078798852,  0.070872648,  0.043232165, 0.009739249, -0.071916710,  0.024055277,  0.119089493, 0.089039983,  0.157011345,  0.087971968,  0.076636356, 0.050138371,  0.074375065,  0.189772384,  0.071092088, 0.011761112,  0.068634541,  0.089672519, -0.002280520, 0.065742842,  0.017104721,  0.158834095,  0.082000120, 0.022371177,  0.161432104,  0.151416305,  0.107854415, 0.129931605,  0.057091892)
bias_beta <- c(0.131765973,  0.183833089,  0.099108455,  0.106398588,  0.071290392,  0.031928155,  0.025566958,  0.022263386,  0.022136422, -0.004465186, -0.010772246,  0.051250390,  0.090138482, -0.013292216,  0.040150474,  0.022981910, -0.046854381,  0.035410184, -0.015704303,  0.014244284,  0.127097054,  0.079180116, -0.002433761,  0.120088400,  0.083801006,  0.032086628,  0.006685150,  0.104629117,  0.027524795,  0.134327001, -0.002643280,  0.048963632,  0.118815736,  0.050748464,  0.058872267, -0.004040471, -0.059280181,  0.135609148,  0.035226185,  0.031949883, 0.021624491,  0.128289552,  0.041158631,  0.039620122,  0.105863448,  0.036701828, 0.069904934,  0.045299674,  0.045804727,  0.113224900,  0.032693740,  0.084034637, 0.067657317,  0.030633128, -0.005876806,  0.031957495,  0.111071794,  0.030266673, 0.018812891,  0.077747266,  0.033031114,  0.092216270,  0.028016188,  0.060846726, 0.075045817,  0.090659363,  0.062385817,  0.126314719,  0.094406248,  0.066401708, 0.086747985,  0.018373881,  0.060114194,  0.074364655,  0.061586431,  0.147533466, 0.085561341,  0.018276088,  0.049305529,  0.016449018,  0.077960069,  0.076080992, 0.081436569,  0.029242177,  0.124938326,  0.109613219,  0.053277961,  0.076222301, 0.014971828,  0.052239596, 0.012377143,  0.136359717,  0.159236510,  0.091464753, 0.034011520,  0.085330256,  0.059969604,  0.078535186, 0.037892704, -0.007124076,  0.046739155,  0.057727884, 0.056760477,  0.048175634,  0.085627961,  0.132408687, 0.009723635,  0.089888322,  0.062459989, -0.009080061, 0.073965177,  0.117642424,  0.114272365,  0.086640914, 0.034336887,  0.018228939,  0.079001760,  0.114235650, 0.115468650,  0.146727721,  0.112051608,  0.091391352, 0.086615603,  0.118486438,  0.169472686,  0.094660304, 0.054011085,  0.067765166,  0.112151744,  0.031097845, 0.094188139,  0.038661342,  0.118847575,  0.069047170, 0.070060276,  0.122808660,  0.137737334,  0.095244349, 0.120723424,  0.083600740)
bias_T <- c(0.0054604680, -0.0006259249, -0.0040139443, -0.0049745015,  0.0020619292,  0.0028008198,  0.0139177348, -0.0022671323,  0.0009674659, -0.0035313005,  0.0003771254,  0.0079881501,  0.0006242000,  0.0102774983,  0.0005700579, -0.0086751873,  0.0085342370,  0.0031250752,  0.0058918076,  0.0007203010, -0.0045042225,  0.0056904950, -0.0023803561, -0.0006158385,  0.0033362682, -0.0083733516,  0.0004942326,  0.0028261344,  0.0045127812, -0.0071188032,  0.0042476058,  0.0067923680, -0.0023330156,  0.0004735017, -0.0002690641, -0.0091686846,  -0.0046759634,  0.0073712194,  0.0031849657, -0.0021586067, -0.0092636279,  0.0121566012, -0.0127671503, -0.0140488523, -0.0128982560,  0.0024211042, 0.0115133250,  0.0082189381,  0.0004344836, -0.0024331755, -0.0054968413,  0.0104257532, -0.0026296953, -0.0004995040,  0.0028241402,  0.0200320136, -0.0015571068, -0.0010870002, -0.0219209727, -0.0113442255, -0.0092206038,  0.0104156797,  0.0105713669,  0.0068980772, -0.0068068274, -0.0076983501,  0.0030418968, -0.0069979289, -0.0118275635, -0.0098163296, -0.0031635281, -0.0254517392, -0.0180546062,  0.0073631164,  0.0029656581,  0.0177104580, -0.0088687390, -0.0004232841,  0.0102491607,  0.0126759864, -0.0021921047, -0.0132962984, -0.0004616347,  0.0124093686,  0.0137835713, -0.0045518630, -0.0195126707, -0.0032261372, 0.0148142670, -0.0086216479, 0.0027316299, -0.0134520151,  0.0153088034,  0.0020530559, 0.0022967992, -0.0199354242,  0.0055059676, -0.0014804936, -0.0141232858,  0.0114300039, -0.0044859763,  0.0045765028, -0.0016676029,  0.0040490350,  0.0009211418, -0.0099168924, 0.0129879921,  0.0031433618, -0.0007969812, -0.0122206137, 0.0053350889, -0.0262926697,  0.0109872991, -0.0103548017, -0.0078459049, -0.0046054986,  0.0111483584,  0.0024515250, -0.0125154080, -0.0066414858, -0.0136053444,  0.0104209944, -0.0114399403, -0.0014642144,  0.0050585560, -0.0126257622, 0.0043723099,  0.0059236004,  0.0122714520, -0.0029149104, -0.0034766913,  0.0129923756,  0.0002337378, -0.0142893060, 0.0151029477, -0.0263954074, -0.0063556268,  0.0164634804, -0.0054744131,  0.0025439151)

coverage_alpha <- c(0.92, 0.92, 0.93, 0.95, 0.95, 0.96, 0.94, 0.95, 0.95, 0.97, 0.93, 0.99, 0.93, 0.91, 0.95, 0.93, 0.97, 0.96, 0.95, 0.94, 0.96, 0.95, 0.95, 0.96, 0.98, 0.94, 0.95, 0.96, 0.88, 0.95, 0.90, 0.95, 0.95, 0.96, 0.98, 0.98, 0.93, 0.91, 0.93, 0.93, 0.92, 0.92, 0.91, 0.96, 0.94, 0.94, 0.94, 0.92, 0.95, 0.93, 0.95, 0.90, 0.95, 0.92, 0.96, 0.93, 0.93, 0.98, 0.98, 0.93, 0.95, 0.97, 0.96, 0.94, 0.97, 0.93, 0.91, 0.92, 0.94, 0.96, 0.93, 0.94, 0.94, 0.95, 0.95, 0.91, 0.94, 0.94, 0.99, 0.93, 0.90, 0.91, 0.97, 0.93, 0.96, 0.93, 0.96, 0.93, 0.89, 0.98, 0.94, 0.99, 0.92, 0.97, 0.96, 0.93, 0.97, 0.96, 0.98, 0.94, 0.94, 0.95, 0.96, 0.95, 0.96, 0.94, 0.94, 0.93, 0.98, 0.92, 0.96, 0.97, 0.96, 0.96, 0.98, 0.94, 0.92, 0.97, 0.91, 0.93, 0.96, 0.94, 0.93, 0.94, 0.94, 0.94, 0.94, 0.99, 0.96, 0.98, 0.96, 0.95, 0.95, 0.98, 0.96, 0.98, 0.97, 0.96, 0.93, 0.93)
coverage_beta <- c(0.95, 0.93, 0.94, 0.93, 0.95, 0.93, 0.97, 0.92, 0.94, 0.96, 0.89, 0.91, 0.94, 0.87, 0.92, 0.90, 0.91, 0.93, 0.94, 0.93, 0.97, 0.94, 0.89, 0.93, 0.96, 0.95, 0.92, 0.95, 0.89, 0.98, 0.91, 0.94, 0.94, 0.95, 0.94, 0.93, 0.89, 0.97, 0.95, 0.94, 0.95, 0.93, 0.93, 0.94, 0.96, 0.96, 0.94, 0.91, 0.96, 0.97, 0.94, 0.95, 0.94, 0.92, 0.94, 0.93, 0.94, 0.98, 0.96, 0.95, 0.93, 0.97, 0.93, 0.96, 1.00, 0.93, 0.93, 0.98, 0.93, 0.98, 0.91, 0.95, 1.00, 0.97, 0.97, 0.95, 0.96, 0.95, 0.98, 0.93, 0.90, 0.91, 0.97, 0.94, 0.98, 0.93, 0.98, 0.97, 0.90, 0.94, 0.93, 0.99, 0.95, 0.96, 0.93, 0.96, 0.94, 0.94, 0.95, 0.95, 0.93, 0.95, 0.93, 0.95, 0.97, 0.95, 0.92, 0.90, 0.94, 0.91, 0.92, 0.96, 0.98, 0.97, 0.97, 0.93, 0.96, 0.96, 0.92, 0.94, 0.95, 0.94, 0.94, 0.94, 0.97, 0.95, 0.94, 0.98, 0.95, 0.99, 0.99, 0.95, 0.96, 0.97, 0.97, 0.97, 0.96, 0.98, 0.93, 0.93)
coverage_T <- c(0.95, 0.95, 0.93, 0.96, 0.98, 0.98, 0.96, 0.98, 0.97, 0.93, 0.94, 0.96, 0.94, 0.96, 0.94, 0.94, 0.90, 0.94, 0.95, 0.96, 0.92, 0.97, 0.95, 0.95, 0.93, 0.95, 0.96, 0.95, 0.96, 0.96, 0.95, 0.97, 0.94, 0.98, 0.98, 0.97, 0.97, 0.93, 0.94, 0.93, 0.97, 0.98, 1.00, 0.97, 0.98, 0.95, 0.94, 0.94, 0.95, 0.93, 0.99, 0.94, 0.98, 0.97, 0.97, 0.95, 0.96, 0.96, 0.95, 0.94, 0.97, 0.92, 0.94, 0.93, 0.92, 0.92, 0.91, 0.98, 0.90, 0.93, 0.95, 0.95, 0.94, 0.96, 0.95, 0.97, 0.93, 0.95, 0.98, 0.94, 0.90, 0.95, 0.98, 0.92, 0.96, 0.96, 0.91, 0.93, 0.98, 0.97, 0.98, 0.99, 0.93, 0.97, 0.94, 0.93, 0.96, 0.96, 0.96, 0.96, 0.98, 0.94, 0.95, 0.97, 0.93, 0.92, 0.95, 0.94, 0.92, 0.94, 0.94, 0.97, 0.96, 0.98, 0.99, 0.97, 0.96, 0.99, 0.98, 0.97, 0.93, 0.95, 0.93, 0.97, 0.98, 0.94, 0.93, 0.92, 0.96, 0.97, 0.98, 0.94, 0.94, 0.95, 0.92, 0.94, 0.94, 0.95, 0.93, 0.96)


plot(seq(1.1,15,by=0.1),bias_alpha,ylim=c(-0.1,0.2),type="l",col="red",xlab="T",ylab="Bias",main="Bias for varying T simulation")
lines(seq(1.1,15,by=0.1),bias_beta,col="blue")
lines(seq(1.1,15,by=0.1),bias_T,col="green")

plot(seq(1.1,15,by=0.1),seq(0.95,0.95,length.out=length(seq(1.1,15,by=0.1))),type="l",lty=2,ylim=c(0.75,1),xlab=expression(beta),ylab="Appropriate Coverage",main=expression(paste("Appropriate coverage for ", beta, " simulation")))
lines(coverage_alpha,col="red")
lines(coverage_beta,col="blue")
lines(coverage_T,col="green")
